0 0.41729837171319367 0.9087695356720081 -0.0 -0.0 0.0 0.0 1.5343915343915344 0 000.png
0 0 -1
1 0.4164830991181128 0.9069940796724172 0.056778591077116004 -0.02607219176546125 -6.938893903907228e-18 -1.1102230246251565e-16 1.5343915343915344 0 001.png
0 0 -1
2 0.41404046691637275 0.9016746490629001 0.1133353263674364 -0.05204250945289623 -8.326672684688674e-17 -1.1102230246251565e-16 1.534391534391534 0 002.png
0 0 -1
3 0.4099800194111816 0.8928320289041777 0.16944921696002851 -0.07780947704547224 6.938893903907228e-17 0.0 1.5343915343915342 0 003.png
0 0 -1
4 0.4043176223321907 0.8805007707132115 0.22490100430846818 -0.10327241309336566 8.326672684688674e-17 0.0 1.534391534391534 0 004.png
0 0 -1
5 0.3970754008419881 0.8647290574571419 0.27947401695828583 -0.12833182411489852 -5.551115123125783e-17 1.1102230246251565e-16 1.5343915343915346 0 005.png
0 0 -1
6 0.3882816530845815 0.8455785152839086 0.3329550171656497 -0.15288979335582686 -5.551115123125783e-17 -1.1102230246251565e-16 1.5343915343915344 0 006.png
0 0 -1
7 0.377970739613669 0.8231239727251959 0.3851350340992211 -0.17685036338774868 2.7755575615628914e-17 -2.220446049250313e-16 1.5343915343915346 0 007.png
0 0 -1
8 0.36618294913274385 0.7974531683125876 0.43581018036954233 -0.20011991105067253 2.7755575615628914e-17 -1.1102230246251565e-16 1.5343915343915342 0 008.png
0 0 -1
9 0.3529643410716389 0.7686664077493884 0.484782448695462 -0.2226075132747018 5.551115123125783e-17 -1.1102230246251565e-16 1.5343915343915346 0 009.png
0 0 -1
10 0.33836656561462436 0.7368761719776731 0.5318604855947168 -0.24422530235142886 -1.1102230246251565e-16 -1.1102230246251565e-16 1.534391534391534 0 010.png
0 0 -1
11 0.3224466618832784 0.7022066776719974 0.5768603390755624 -0.26488880926685726 0.0 -1.6653345369377348e-16 1.5343915343915346 0 011.png
0 0 -1
12 0.30526683506270746 0.6647933918770885 0.6196061774079347 -0.2845172937543174 -1.1102230246251565e-16 5.551115123125783e-17 1.534391534391534 0 012.png
0 0 -1
13 0.28689421334196963 0.6247825026860142 0.6599309761656273 -0.3030340597777338 -5.551115123125783e-17 -1.1102230246251565e-16 1.534391534391534 0 013.png
0 0 -1
14 0.26740058561842994 0.5823303480270937 0.6976771708549457 -0.3203667552125275 5.551115123125783e-17 1.6653345369377348e-16 1.5343915343915346 0 014.png
0 0 -1
15 0.24686212099093444 0.5376028047914994 0.7326972725797677 -0.33644765455318604 1.1102230246251565e-16 -1.3877787807814457e-16 1.5343915343915344 0 015.png
0 0 -1
16 0.22535907113785475 0.49077464068846305 0.7648544443373702 -0.3512139235428545 -2.220446049250313e-16 -5.551115123125783e-17 1.5343915343915344 0 016.png
0 0 -1
17 0.20297545674292328 0.4420288313606381 0.7940230356932133 -0.36460786469093676 -1.1102230246251565e-16 -1.6653345369377348e-16 1.5343915343915344 0 017.png
0 0 -1
18 0.17979873919411576 0.3915558454279083 0.8200890737455006 -0.3765771427193757 -2.7755575615628914e-17 -6.938893903907228e-17 1.5343915343915338 0 018.png
0 0 -1
19 0.1559194788383796 0.33955290025325485 0.8429507084611296 -0.3870749890567083 1.6653345369377348e-16 2.0816681711721685e-16 1.534391534391534 0 019.png
0 0 -1
20 0.13143098112753787 0.2862231913386896 0.8625186106429317 -0.396060384580856 2.7755575615628914e-17 9.71445146547012e-17 1.5343915343915344 0 020.png
0 0 -1
21 0.10642893203801251 0.2317750983622982 0.8787163209731934 -0.40349821989660734 0.0 0.0 1.5343915343915344 0 021.png
0 0 -1
22 0.08101102418892327 0.17642137095871627 0.8914805487696098 -0.4093594325215244 6.938893903907228e-17 -2.0816681711721685e-17 1.5343915343915355 0 022.png
0 0 -1
23 0.055276575119462164 0.12037829742450508 0.9007614192863139 -0.41362112044423605 -4.163336342344337e-17 1.1622647289044608e-16 1.5343915343915346 0 023.png
0 0 -1
24 0.02932613921707951 0.06386485959661223 0.9065226685936885 -0.4162666316114027 1.3877787807814457e-17 1.1102230246251565e-16 1.5343915343915346 0 024.png
0 0 -1
25 0.0032611148128292074 0.007101877206136739 0.9087417852754799 -0.41728562899369104 -1.734723475976807e-18 1.1103585498967172e-16 1.5343915343915355 0 025.png
0 0 -1
26 -0.022816652020898668 -0.049688854949266247 0.9074100983895584 -0.41667413097652223 -1.3877787807814457e-17 2.220446049250313e-16 1.5343915343915344 0 026.png
0 0 -1
27 -0.04880526542214232 -0.1062854336429396 0.9025328113486233 -0.41443452691777144 8.326672684688674e-17 2.2898349882893854e-16 1.534391534391535 0 027.png
0 0 -1
28 -0.07460317788568058 -0.1624667142804541 0.8941289815884678 -0.4105755678116274 -1.3877787807814457e-17 1.0061396160665481e-16 1.5343915343915346 0 028.png
0 0 -1
29 -0.10010958704818058 -0.21801317499656842 0.8822314461032507 -0.40511233209509373 -8.326672684688674e-17 -1.3877787807814457e-17 1.5343915343915344 0 029.png
0 0 -1
30 -0.12522482956179015 -0.2727077744115635 0.8668866931387337 -0.3980661667307376 -1.6653345369377348e-16 7.632783294297951e-17 1.5343915343915344 0 030.png
0 0 -1
31 -0.1498507705171585 -0.3263367996953658 0.8481546805448308 -0.3894646037958991 1.1102230246251565e-16 -9.71445146547012e-17 1.5343915343915344 0 031.png
0 0 -1
32 -0.1738911868942601 -0.3786907016257472 0.8261086014972344 -0.3793412529042791 -2.7755575615628914e-17 0.0 1.534391534391534 0 032.png
0 0 -1
33 -0.19725214354273182 -0.42956491337770814 0.8008345985035358 -0.3677356698802555 8.326672684688674e-17 -1.1102230246251565e-16 1.5343915343915342 0 033.png
0 0 -1
34 -0.21984236022262343 -0.47876064984471933 0.7724314268113249 -0.35469320219906814 0.0 -2.7755575615628914e-17 1.5343915343915342 0 034.png
0 0 -1
35 -0.24157356827139312 -0.5260856843685668 0.7410100685334674 -0.3402648117967965 -2.7755575615628914e-16 0.0 1.5343915343915349 0 035.png
0 0 -1
36 -0.2623608555035105 -0.5713550998428154 0.7066932989983162 -0.32450687594248107 -1.1102230246251565e-16 -1.1102230246251565e-16 1.534391534391534 0 036.png
0 0 -1
37 -0.2821229979950155 -0.6143920112550466 0.6696152070192969 -0.3074809669504557 -1.1102230246251565e-16 5.551115123125783e-17 1.5343915343915338 0 037.png
0 0 -1
38 -0.30078277745661886 -0.6550282568446126 0.629920670958356 -0.2892536115936409 -1.6653345369377348e-16 0.0 1.5343915343915344 0 038.png
0 0 -1
39 -0.3182672829552494 -0.6931050551752945 0.5877647926304953 -0.2698960311578626 -2.220446049250313e-16 0.0 1.5343915343915344 0 039.png
0 0 -1
40 -0.3345081958051046 -0.7284736255554262 0.5433122912613425 -0.24948386315290322 5.551115123125783e-17 5.551115123125783e-17 1.5343915343915342 0 040.png
0 0 -1
41 -0.3494420565150233 -0.7609957693812612 0.4967368598658041 -0.228096865767669 1.6653345369377348e-16 -2.220446049250313e-16 1.5343915343915344 0 041.png
0 0 -1
42 -0.3630105127491192 -0.7905444101320572 0.44822048656266805 -0.20581860622427775 -5.551115123125783e-17 2.220446049250313e-16 1.5343915343915342 0 042.png
0 0 -1
43 -0.37516054733179294 -0.817004089906902 0.3979527434770516 -0.1827361342487914 1.6653345369377348e-16 1.1102230246251565e-16 1.5343915343915342 0 043.png
0 0 -1
44 -0.3858446854062226 -0.8402714205631266 0.34613004600921654 -0.1589396419344649 -2.7755575615628914e-17 1.1102230246251565e-16 1.5343915343915342 0 044.png
0 0 -1
45 -0.3950211799368834 -0.8602554876935322 0.29295488536407827 -0.13452211132655897 -5.551115123125783e-17 -1.1102230246251565e-16 1.5343915343915342 0 045.png
0 0 -1
46 -0.4026541748312678 -0.8768782058639353 0.23863503734020944 -0.1095789511057373 -1.1102230246251565e-16 -1.1102230246251565e-16 1.5343915343915344 0 046.png
0 0 -1
47 -0.4087138450434248 -0.8900746237229826 0.18338275046990674 -0.08420762378966717 -1.3877787807814457e-17 1.1102230246251565e-16 1.5343915343915342 0 047.png
0 0 -1
48 -0.41317651311188275 -0.8997931777920558 0.12741391668256255 -0.05850726490948721 4.163336342344337e-17 1.1102230246251565e-16 1.534391534391534 0 048.png
0 0 -1
49 -0.4160247416765954 -0.9059958939436076 0.07094722773188923 -0.03257829564917098 6.938893903907228e-18 0.0 1.5343915343915342 0 049.png
0 0 -1
50 -0.4172474016134121 -0.9086585357806798 0.014203320683146723 -0.006522030461347491 -1.734723475976807e-18 -1.1102230246251565e-16 1.5343915343915344 0 050.png
0 0 -1
